Year,Other renewables (Mt CO2e/TWh),Solar (Mt CO2e/TWh),Wind (Mt CO2e/TWh),Hydropower (Mt CO2e/TWh),Nuclear (Mt CO2e/TWh),Gas (Mt CO2e/TWh),Oil (Mt CO2e/TWh),Coal (Mt CO2e/TWh),Biofuels (Mt CO2e/TWh),Traditional biomass (Mt CO2e/TWh)
2000,0.000000000,0.000000000,0.000000000,0.000000000,0.000000000,0.092760252,0.244883841,0.203240414,0.000188731,0.061041091
2001,0.000000000,0.000000000,0.000000000,0.000000000,0.000000000,0.093190063,0.244916480,0.204580874,0.000185560,0.060510434
2002,0.000000000,0.000000000,0.000000000,0.000000000,0.000000000,0.094143838,0.241967362,0.208747357,0.000206922,0.059249529
2003,0.000000000,0.000000000,0.000000000,0.000000000,0.000000000,0.093904609,0.239789642,0.220343353,0.000227164,0.056842207
2004,0.000000000,0.000000000,0.000000000,0.000000000,0.000000000,0.093449676,0.238849404,0.225608835,0.000258954,0.053690894
2005,0.000000000,0.000000000,0.000000000,0.000000000,0.000000000,0.093129222,0.234910173,0.235322547,0.000293238,0.051772451
2006,0.000000000,0.000000000,0.000000000,0.000000000,0.000000000,0.093229033,0.231584496,0.241470378,0.000359324,0.050151345
2007,0.000000000,0.000000000,0.000000000,0.000000000,0.000000000,0.094449023,0.228007276,0.248334521,0.000464785,0.048473349
2008,0.000000000,0.000000000,0.000000000,0.000000000,0.000000000,0.095748545,0.223820866,0.249163343,0.000629368,0.047646436
2009,0.000000000,0.000000000,0.000000000,0.000000000,0.000000000,0.095213074,0.222197437,0.249304861,0.000729261,0.048045163
2010,0.000000000,0.000000000,0.000000000,0.000000000,0.000000000,0.098005613,0.219695425,0.249531288,0.000791021,0.045715729
2011,0.000000000,0.000000000,0.000000000,0.000000000,0.000000000,0.098334436,0.216818246,0.255893298,0.000816171,0.044360416
2012,0.000000000,0.000000000,0.000000000,0.000000000,0.000000000,0.099702313,0.217560856,0.253470959,0.000838118,0.043395804
2013,0.000000000,0.000000000,0.000000000,0.000000000,0.000000000,0.099716414,0.216386880,0.253287741,0.000894208,0.042321069
2014,0.000000000,0.000000000,0.000000000,0.000000000,0.000000000,0.099510869,0.215952519,0.252004998,0.000935658,0.041527099
2015,0.000000000,0.000000000,0.000000000,0.000000000,0.000000000,0.101180554,0.218723963,0.243641518,0.000965951,0.040862663
2016,0.000000000,0.000000000,0.000000000,0.000000000,0.000000000,0.101590998,0.221241353,0.236102749,0.001000256,0.040472628
2017,0.000000000,0.000000000,0.000000000,0.000000000,0.000000000,0.103026438,0.220268990,0.233459085,0.000997849,0.039596573
2018,0.000000000,0.000000000,0.000000000,0.000000000,0.000000000,0.105443680,0.217025391,0.231165915,0.001054227,0.038617979
2019,0.000000000,0.000000000,0.000000000,0.000000000,0.000000000,0.106416210,0.215142539,0.227410111,0.001123109,0.038213299
2020,0.000000000,0.000000000,0.000000000,0.000000000,0.000000000,0.108954448,0.202169906,0.228049967,0.001109723,0.039499054
2021,0.000000000,0.000000000,0.000000000,0.000000000,0.000000000,0.108083745,0.203977259,0.229507273,0.001119256,0.037698478
2022,0.000000000,0.000000000,0.000000000,0.000000000,0.000000000,0.105891173,0.207201393,0.227066409,0.001161247,0.037073906
2023,0.000000000,0.000000000,0.000000000,0.000000000,0.000000000,0.103958518,0.208452685,0.226295205,0.001258441,0.036383766
Year,,,,,,,,,,
1800,,,,,,,,,,
1810,,,,,,,,,,
1820,,,,,,,,,,
1830,,,,,,,,,,
1840,,,,,,,,,,
1850,,,,,,,,,,
1860,,,,,,,,,,
1870,,,,,,,,,,
1880,,,,,,,,,,
1890,,,,,,,,,,
1900,,,,,,,,,,
1910,,,,,,,,,,
1920,,,,,,,,,,
1930,,,,,,,,,,
1940,,,,,,,,,,
1950,,,,,,,,,,
1960,,,,,,,,,,
1965,,,,,,,,,,
1966,,,,,,,,,,
1967,,,,,,,,,,
1968,,,,,,,,,,
1969,,,,,,,,,,
1970,,,,,,,,,,
1971,,,,,,,,,,
1972,,,,,,,,,,
1973,,,,,,,,,,
1974,,,,,,,,,,
1975,,,,,,,,,,
1976,,,,,,,,,,
1977,,,,,,,,,,
1978,,,,,,,,,,
1979,,,,,,,,,,
1980,,,,,,,,,,
1981,,,,,,,,,,
1982,,,,,,,,,,
1983,,,,,,,,,,
1984,,,,,,,,,,
1985,,,,,,,,,,
1986,,,,,,,,,,
1987,,,,,,,,,,
1988,,,,,,,,,,
1989,,,,,,,,,,
1990,,,,,,,,,,
1991,,,,,,,,,,
1992,,,,,,,,,,
1993,,,,,,,,,,
1994,,,,,,,,,,
1995,,,,,,,,,,
1996,,,,,,,,,,
1997,,,,,,,,,,
1998,,,,,,,,,,
1999,,,,,,,,,,
2000,,,,,,,,,,
2001,,,,,,,,,,
2002,,,,,,,,,,
2003,,,,,,,,,,
2004,,,,,,,,,,
2005,,,,,,,,,,
2006,,,,,,,,,,
2007,,,,,,,,,,
2008,,,,,,,,,,
2009,,,,,,,,,,
2010,,,,,,,,,,
2011,,,,,,,,,,
2012,,,,,,,,,,
2013,,,,,,,,,,
2014,,,,,,,,,,
2015,,,,,,,,,,
2016,,,,,,,,,,
2017,,,,,,,,,,
2018,,,,,,,,,,
2019,,,,,,,,,,
2020,,,,,,,,,,
2021,,,,,,,,,,
2022,,,,,,,,,,
2023,,,,,,,,,,
Year,,,,,,,,,,
1800,,,,,,,,,,
1810,,,,,,,,,,
1820,,,,,,,,,,
1830,,,,,,,,,,
1840,,,,,,,,,,
1850,,,,,,,,,,
1860,,,,,,,,,,
1870,,,,,,,,,,
1880,,,,,,,,,,
1890,,,,,,,,,,
1900,,,,,,,,,,
1910,,,,,,,,,,
1920,,,,,,,,,,
1930,,,,,,,,,,
1940,,,,,,,,,,
1950,,,,,,,,,,
1960,,,,,,,,,,
1965,,,,,,,,,,
1966,,,,,,,,,,
1967,,,,,,,,,,
1968,,,,,,,,,,
1969,,,,,,,,,,
1970,,,,,,,,,,
1971,,,,,,,,,,
1972,,,,,,,,,,
1973,,,,,,,,,,
1974,,,,,,,,,,
1975,,,,,,,,,,
1976,,,,,,,,,,
1977,,,,,,,,,,
1978,,,,,,,,,,
1979,,,,,,,,,,
1980,,,,,,,,,,
1981,,,,,,,,,,
1982,,,,,,,,,,
1983,,,,,,,,,,
1984,,,,,,,,,,
1985,,,,,,,,,,
1986,,,,,,,,,,
1987,,,,,,,,,,
1988,,,,,,,,,,
1989,,,,,,,,,,
1990,,,,,,,,,,
1991,,,,,,,,,,
1992,,,,,,,,,,
1993,,,,,,,,,,
1994,,,,,,,,,,
1995,,,,,,,,,,
1996,,,,,,,,,,
1997,,,,,,,,,,
1998,,,,,,,,,,
1999,,,,,,,,,,
2000,,,,,,,,,,
2001,,,,,,,,,,
2002,,,,,,,,,,
2003,,,,,,,,,,
2004,,,,,,,,,,
2005,,,,,,,,,,
2006,,,,,,,,,,
2007,,,,,,,,,,
2008,,,,,,,,,,
2009,,,,,,,,,,
2010,,,,,,,,,,
2011,,,,,,,,,,
2012,,,,,,,,,,
2013,,,,,,,,,,
2014,,,,,,,,,,
2015,,,,,,,,,,
2016,,,,,,,,,,
2017,,,,,,,,,,
2018,,,,,,,,,,
2019,,,,,,,,,,
2020,,,,,,,,,,
2021,,,,,,,,,,
2022,,,,,,,,,,
2023,,,,,,,,,,
Year,,,,,,,,,,
1800,,,,,,,,,,
1810,,,,,,,,,,
1820,,,,,,,,,,
1830,,,,,,,,,,
1840,,,,,,,,,,
1850,,,,,,,,,,
1860,,,,,,,,,,
1870,,,,,,,,,,
1880,,,,,,,,,,
1890,,,,,,,,,,
1900,,,,,,,,,,
1910,,,,,,,,,,
1920,,,,,,,,,,
1930,,,,,,,,,,
1940,,,,,,,,,,
1950,,,,,,,,,,
1960,,,,,,,,,,
1965,,,,,,,,,,
1966,,,,,,,,,,
1967,,,,,,,,,,
1968,,,,,,,,,,
1969,,,,,,,,,,
1970,,,,,,,,,,
1971,,,,,,,,,,
1972,,,,,,,,,,
1973,,,,,,,,,,
1974,,,,,,,,,,
1975,,,,,,,,,,
1976,,,,,,,,,,
1977,,,,,,,,,,
1978,,,,,,,,,,
1979,,,,,,,,,,
1980,,,,,,,,,,
1981,,,,,,,,,,
1982,,,,,,,,,,
1983,,,,,,,,,,
1984,,,,,,,,,,
1985,,,,,,,,,,
1986,,,,,,,,,,
1987,,,,,,,,,,
1988,,,,,,,,,,
1989,,,,,,,,,,
1990,,,,,,,,,,
1991,,,,,,,,,,
1992,,,,,,,,,,
1993,,,,,,,,,,
1994,,,,,,,,,,
1995,,,,,,,,,,
1996,,,,,,,,,,
1997,,,,,,,,,,
1998,,,,,,,,,,
1999,,,,,,,,,,
2000,,,,,,,,,,
2001,,,,,,,,,,
2002,,,,,,,,,,
2003,,,,,,,,,,
2004,,,,,,,,,,
2005,,,,,,,,,,
2006,,,,,,,,,,
2007,,,,,,,,,,
2008,,,,,,,,,,
2009,,,,,,,,,,
2010,,,,,,,,,,
2011,,,,,,,,,,
2012,,,,,,,,,,
2013,,,,,,,,,,
2014,,,,,,,,,,
2015,,,,,,,,,,
2016,,,,,,,,,,
2017,,,,,,,,,,
2018,,,,,,,,,,
2019,,,,,,,,,,
2020,,,,,,,,,,
2021,,,,,,,,,,
2022,,,,,,,,,,
2023,,,,,,,,,,
Year,,,,,,,,,,
1800,,,,,,,,,,
1810,,,,,,,,,,
1820,,,,,,,,,,
1830,,,,,,,,,,
1840,,,,,,,,,,
1850,,,,,,,,,,
1860,,,,,,,,,,
1870,,,,,,,,,,
1880,,,,,,,,,,
1890,,,,,,,,,,
1900,,,,,,,,,,
1910,,,,,,,,,,
1920,,,,,,,,,,
1930,,,,,,,,,,
1940,,,,,,,,,,
1950,,,,,,,,,,
1960,,,,,,,,,,
1965,,,,,,,,,,
1966,,,,,,,,,,
1967,,,,,,,,,,
1968,,,,,,,,,,
1969,,,,,,,,,,
1970,,,,,,,,,,
1971,,,,,,,,,,
1972,,,,,,,,,,
1973,,,,,,,,,,
1974,,,,,,,,,,
1975,,,,,,,,,,
1976,,,,,,,,,,
1977,,,,,,,,,,
1978,,,,,,,,,,
1979,,,,,,,,,,
1980,,,,,,,,,,
1981,,,,,,,,,,
1982,,,,,,,,,,
1983,,,,,,,,,,
1984,,,,,,,,,,
1985,,,,,,,,,,
1986,,,,,,,,,,
1987,,,,,,,,,,
1988,,,,,,,,,,
1989,,,,,,,,,,
1990,,,,,,,,,,
1991,,,,,,,,,,
1992,,,,,,,,,,
1993,,,,,,,,,,
1994,,,,,,,,,,
1995,,,,,,,,,,
1996,,,,,,,,,,
1997,,,,,,,,,,
1998,,,,,,,,,,
1999,,,,,,,,,,
2000,,,,,,,,,,
2001,,,,,,,,,,
2002,,,,,,,,,,
2003,,,,,,,,,,
2004,,,,,,,,,,
2005,,,,,,,,,,
2006,,,,,,,,,,
2007,,,,,,,,,,
2008,,,,,,,,,,
2009,,,,,,,,,,
2010,,,,,,,,,,
2011,,,,,,,,,,
2012,,,,,,,,,,
2013,,,,,,,,,,
2014,,,,,,,,,,
2015,,,,,,,,,,
2016,,,,,,,,,,
2017,,,,,,,,,,
2018,,,,,,,,,,
2019,,,,,,,,,,
2020,,,,,,,,,,
2021,,,,,,,,,,
2022,,,,,,,,,,
2023,,,,,,,,,,
Year,,,,,,,,,,
1800,,,,,,,,,,
1810,,,,,,,,,,
1820,,,,,,,,,,
1830,,,,,,,,,,
1840,,,,,,,,,,
1850,,,,,,,,,,
1860,,,,,,,,,,
1870,,,,,,,,,,
1880,,,,,,,,,,
1890,,,,,,,,,,
1900,,,,,,,,,,
1910,,,,,,,,,,
1920,,,,,,,,,,
1930,,,,,,,,,,
1940,,,,,,,,,,
1950,,,,,,,,,,
1960,,,,,,,,,,
1965,,,,,,,,,,
1966,,,,,,,,,,
1967,,,,,,,,,,
1968,,,,,,,,,,
1969,,,,,,,,,,
1970,,,,,,,,,,
1971,,,,,,,,,,
1972,,,,,,,,,,
1973,,,,,,,,,,
1974,,,,,,,,,,
1975,,,,,,,,,,
1976,,,,,,,,,,
1977,,,,,,,,,,
1978,,,,,,,,,,
1979,,,,,,,,,,
1980,,,,,,,,,,
1981,,,,,,,,,,
1982,,,,,,,,,,
1983,,,,,,,,,,
1984,,,,,,,,,,
1985,,,,,,,,,,
1986,,,,,,,,,,
1987,,,,,,,,,,
1988,,,,,,,,,,
1989,,,,,,,,,,
1990,,,,,,,,,,
1991,,,,,,,,,,
1992,,,,,,,,,,
1993,,,,,,,,,,
1994,,,,,,,,,,
1995,,,,,,,,,,
1996,,,,,,,,,,
1997,,,,,,,,,,
1998,,,,,,,,,,
1999,,,,,,,,,,
2000,,,,,,,,,,
2001,,,,,,,,,,
2002,,,,,,,,,,
2003,,,,,,,,,,
2004,,,,,,,,,,
2005,,,,,,,,,,
2006,,,,,,,,,,
2007,,,,,,,,,,
2008,,,,,,,,,,
2009,,,,,,,,,,
2010,,,,,,,,,,
2011,,,,,,,,,,
2012,,,,,,,,,,
2013,,,,,,,,,,
2014,,,,,,,,,,
2015,,,,,,,,,,
2016,,,,,,,,,,
2017,,,,,,,,,,
2018,,,,,,,,,,
2019,,,,,,,,,,
2020,,,,,,,,,,
2021,,,,,,,,,,
2022,,,,,,,,,,
2023,,,,,,,,,,
Year,,,,,,,,,,
1800,,,,,,,,,,
1810,,,,,,,,,,
1820,,,,,,,,,,
1830,,,,,,,,,,
1840,,,,,,,,,,
1850,,,,,,,,,,
1860,,,,,,,,,,
1870,,,,,,,,,,
1880,,,,,,,,,,
1890,,,,,,,,,,
1900,,,,,,,,,,
1910,,,,,,,,,,
1920,,,,,,,,,,
1930,,,,,,,,,,
1940,,,,,,,,,,
1950,,,,,,,,,,
1960,,,,,,,,,,
1965,,,,,,,,,,
1966,,,,,,,,,,
1967,,,,,,,,,,
1968,,,,,,,,,,
1969,,,,,,,,,,
1970,,,,,,,,,,
1971,,,,,,,,,,
1972,,,,,,,,,,
1973,,,,,,,,,,
1974,,,,,,,,,,
1975,,,,,,,,,,
1976,,,,,,,,,,
1977,,,,,,,,,,
1978,,,,,,,,,,
1979,,,,,,,,,,
1980,,,,,,,,,,
1981,,,,,,,,,,
1982,,,,,,,,,,
1983,,,,,,,,,,
1984,,,,,,,,,,
1985,,,,,,,,,,
1986,,,,,,,,,,
1987,,,,,,,,,,
1988,,,,,,,,,,
1989,,,,,,,,,,
1990,,,,,,,,,,
1991,,,,,,,,,,
1992,,,,,,,,,,
1993,,,,,,,,,,
1994,,,,,,,,,,
1995,,,,,,,,,,
1996,,,,,,,,,,
1997,,,,,,,,,,
1998,,,,,,,,,,
1999,,,,,,,,,,
2000,,,,,,,,,,
2001,,,,,,,,,,
2002,,,,,,,,,,
2003,,,,,,,,,,
2004,,,,,,,,,,
2005,,,,,,,,,,
2006,,,,,,,,,,
2007,,,,,,,,,,
2008,,,,,,,,,,
2009,,,,,,,,,,
2010,,,,,,,,,,
2011,,,,,,,,,,
2012,,,,,,,,,,
2013,,,,,,,,,,
2014,,,,,,,,,,
2015,,,,,,,,,,
2016,,,,,,,,,,
2017,,,,,,,,,,
2018,,,,,,,,,,
2019,,,,,,,,,,
2020,,,,,,,,,,
2021,,,,,,,,,,
2022,,,,,,,,,,
2023,,,,,,,,,,
Year,,,,,,,,,,
1800,,,,,,,,,,
1810,,,,,,,,,,
1820,,,,,,,,,,
1830,,,,,,,,,,
1840,,,,,,,,,,
1850,,,,,,,,,,
1860,,,,,,,,,,
1870,,,,,,,,,,
1880,,,,,,,,,,
1890,,,,,,,,,,
1900,,,,,,,,,,
1910,,,,,,,,,,
1920,,,,,,,,,,
1930,,,,,,,,,,
1940,,,,,,,,,,
1950,,,,,,,,,,
1960,,,,,,,,,,
1965,,,,,,,,,,
1966,,,,,,,,,,
1967,,,,,,,,,,
1968,,,,,,,,,,
1969,,,,,,,,,,
1970,,,,,,,,,,
1971,,,,,,,,,,
1972,,,,,,,,,,
1973,,,,,,,,,,
1974,,,,,,,,,,
1975,,,,,,,,,,
1976,,,,,,,,,,
1977,,,,,,,,,,
1978,,,,,,,,,,
1979,,,,,,,,,,
1980,,,,,,,,,,
1981,,,,,,,,,,
1982,,,,,,,,,,
1983,,,,,,,,,,
1984,,,,,,,,,,
1985,,,,,,,,,,
1986,,,,,,,,,,
1987,,,,,,,,,,
1988,,,,,,,,,,
1989,,,,,,,,,,
1990,,,,,,,,,,
1991,,,,,,,,,,
1992,,,,,,,,,,
1993,,,,,,,,,,
1994,,,,,,,,,,
1995,,,,,,,,,,
1996,,,,,,,,,,
1997,,,,,,,,,,
1998,,,,,,,,,,
1999,,,,,,,,,,
2000,,,,,,,,,,
2001,,,,,,,,,,
2002,,,,,,,,,,
2003,,,,,,,,,,
2004,,,,,,,,,,
2005,,,,,,,,,,
2006,,,,,,,,,,
2007,,,,,,,,,,
2008,,,,,,,,,,
2009,,,,,,,,,,
2010,,,,,,,,,,
2011,,,,,,,,,,
2012,,,,,,,,,,
2013,,,,,,,,,,
2014,,,,,,,,,,
2015,,,,,,,,,,
2016,,,,,,,,,,
2017,,,,,,,,,,
2018,,,,,,,,,,
2019,,,,,,,,,,
2020,,,,,,,,,,
2021,,,,,,,,,,
2022,,,,,,,,,,
2023,,,,,,,,,,
Year,,,,,,,,,,
1800,,,,,,,,,,
1810,,,,,,,,,,
1820,,,,,,,,,,
1830,,,,,,,,,,
1840,,,,,,,,,,
1850,,,,,,,,,,
1860,,,,,,,,,,
1870,,,,,,,,,,
1880,,,,,,,,,,
1890,,,,,,,,,,
1900,,,,,,,,,,
1910,,,,,,,,,,
1920,,,,,,,,,,
1930,,,,,,,,,,
1940,,,,,,,,,,
1950,,,,,,,,,,
1960,,,,,,,,,,
1965,,,,,,,,,,
1966,,,,,,,,,,
1967,,,,,,,,,,
1968,,,,,,,,,,
1969,,,,,,,,,,
1970,,,,,,,,,,
1971,,,,,,,,,,
1972,,,,,,,,,,
1973,,,,,,,,,,
1974,,,,,,,,,,
1975,,,,,,,,,,
1976,,,,,,,,,,
1977,,,,,,,,,,
1978,,,,,,,,,,
1979,,,,,,,,,,
1980,,,,,,,,,,
1981,,,,,,,,,,
1982,,,,,,,,,,
1983,,,,,,,,,,
1984,,,,,,,,,,
1985,,,,,,,,,,
1986,,,,,,,,,,
1987,,,,,,,,,,
1988,,,,,,,,,,
1989,,,,,,,,,,
1990,,,,,,,,,,
1991,,,,,,,,,,
1992,,,,,,,,,,
1993,,,,,,,,,,
1994,,,,,,,,,,
1995,,,,,,,,,,
1996,,,,,,,,,,
1997,,,,,,,,,,
1998,,,,,,,,,,
1999,,,,,,,,,,
2000,,,,,,,,,,
2001,,,,,,,,,,
2002,,,,,,,,,,
2003,,,,,,,,,,
2004,,,,,,,,,,
2005,,,,,,,,,,
2006,,,,,,,,,,
2007,,,,,,,,,,
2008,,,,,,,,,,
2009,,,,,,,,,,
2010,,,,,,,,,,
2011,,,,,,,,,,
2012,,,,,,,,,,
2013,,,,,,,,,,
2014,,,,,,,,,,
2015,,,,,,,,,,
2016,,,,,,,,,,
2017,,,,,,,,,,
2018,,,,,,,,,,
2019,,,,,,,,,,
2020,,,,,,,,,,
2021,,,,,,,,,,
2022,,,,,,,,,,
2023,,,,,,,,,,
Year,,,,,,,,,,
1800,,,,,,,,,,
1810,,,,,,,,,,
1820,,,,,,,,,,
1830,,,,,,,,,,
1840,,,,,,,,,,
1850,,,,,,,,,,
1860,,,,,,,,,,
1870,,,,,,,,,,
1880,,,,,,,,,,
1890,,,,,,,,,,
1900,,,,,,,,,,
1910,,,,,,,,,,
1920,,,,,,,,,,
1930,,,,,,,,,,
1940,,,,,,,,,,
1950,,,,,,,,,,
1960,,,,,,,,,,
1965,,,,,,,,,,
1966,,,,,,,,,,
1967,,,,,,,,,,
1968,,,,,,,,,,
1969,,,,,,,,,,
1970,,,,,,,,,,
1971,,,,,,,,,,
1972,,,,,,,,,,
1973,,,,,,,,,,
1974,,,,,,,,,,
1975,,,,,,,,,,
1976,,,,,,,,,,
1977,,,,,,,,,,
1978,,,,,,,,,,
1979,,,,,,,,,,
1980,,,,,,,,,,
1981,,,,,,,,,,
1982,,,,,,,,,,
1983,,,,,,,,,,
1984,,,,,,,,,,
1985,,,,,,,,,,
1986,,,,,,,,,,
1987,,,,,,,,,,
1988,,,,,,,,,,
1989,,,,,,,,,,
1990,,,,,,,,,,
1991,,,,,,,,,,
1992,,,,,,,,,,
1993,,,,,,,,,,
1994,,,,,,,,,,
1995,,,,,,,,,,
1996,,,,,,,,,,
1997,,,,,,,,,,
1998,,,,,,,,,,
1999,,,,,,,,,,
2000,,,,,,,,,,
2001,,,,,,,,,,
2002,,,,,,,,,,
2003,,,,,,,,,,
2004,,,,,,,,,,
2005,,,,,,,,,,
2006,,,,,,,,,,
2007,,,,,,,,,,
2008,,,,,,,,,,
2009,,,,,,,,,,
2010,,,,,,,,,,
2011,,,,,,,,,,
2012,,,,,,,,,,
2013,,,,,,,,,,
2014,,,,,,,,,,
2015,,,,,,,,,,
2016,,,,,,,,,,
2017,,,,,,,,,,
2018,,,,,,,,,,
2019,,,,,,,,,,
2020,,,,,,,,,,
2021,,,,,,,,,,
2022,,,,,,,,,,
2023,,,,,,,,,,
Year,,,,,,,,,,
1800,,,,,,,,,,
1810,,,,,,,,,,
1820,,,,,,,,,,
1830,,,,,,,,,,
1840,,,,,,,,,,
1850,,,,,,,,,,
1860,,,,,,,,,,
1870,,,,,,,,,,
1880,,,,,,,,,,
1890,,,,,,,,,,
1900,,,,,,,,,,
1910,,,,,,,,,,
1920,,,,,,,,,,
1930,,,,,,,,,,
1940,,,,,,,,,,
1950,,,,,,,,,,
1960,,,,,,,,,,
1965,,,,,,,,,,
1966,,,,,,,,,,
1967,,,,,,,,,,
1968,,,,,,,,,,
1969,,,,,,,,,,
1970,,,,,,,,,,
1971,,,,,,,,,,
1972,,,,,,,,,,
1973,,,,,,,,,,
1974,,,,,,,,,,
1975,,,,,,,,,,
1976,,,,,,,,,,
1977,,,,,,,,,,
1978,,,,,,,,,,
1979,,,,,,,,,,
1980,,,,,,,,,,
1981,,,,,,,,,,
1982,,,,,,,,,,
1983,,,,,,,,,,
1984,,,,,,,,,,
1985,,,,,,,,,,
1986,,,,,,,,,,
1987,,,,,,,,,,
1988,,,,,,,,,,
1989,,,,,,,,,,
1990,,,,,,,,,,
1991,,,,,,,,,,
1992,,,,,,,,,,
1993,,,,,,,,,,
1994,,,,,,,,,,
1995,,,,,,,,,,
1996,,,,,,,,,,
1997,,,,,,,,,,
1998,,,,,,,,,,
1999,,,,,,,,,,
2000,,,,,,,,,,
2001,,,,,,,,,,
2002,,,,,,,,,,
2003,,,,,,,,,,
2004,,,,,,,,,,
2005,,,,,,,,,,
2006,,,,,,,,,,
2007,,,,,,,,,,
2008,,,,,,,,,,
2009,,,,,,,,,,
2010,,,,,,,,,,
2011,,,,,,,,,,
2012,,,,,,,,,,
2013,,,,,,,,,,
2014,,,,,,,,,,
2015,,,,,,,,,,
2016,,,,,,,,,,
2017,,,,,,,,,,
2018,,,,,,,,,,
2019,,,,,,,,,,
2020,,,,,,,,,,
2021,,,,,,,,,,
2022,,,,,,,,,,
2023,,,,,,,,,,
Year,,,,,,,,,,
1800,,,,,,,,,,
1810,,,,,,,,,,
1820,,,,,,,,,,
1830,,,,,,,,,,
1840,,,,,,,,,,
1850,,,,,,,,,,
1860,,,,,,,,,,
1870,,,,,,,,,,
1880,,,,,,,,,,
1890,,,,,,,,,,
1900,,,,,,,,,,
1910,,,,,,,,,,
1920,,,,,,,,,,
1930,,,,,,,,,,
1940,,,,,,,,,,
1950,,,,,,,,,,
1960,,,,,,,,,,
1965,,,,,,,,,,
1966,,,,,,,,,,
1967,,,,,,,,,,
1968,,,,,,,,,,
1969,,,,,,,,,,
1970,,,,,,,,,,
1971,,,,,,,,,,
1972,,,,,,,,,,
1973,,,,,,,,,,
1974,,,,,,,,,,
1975,,,,,,,,,,
1976,,,,,,,,,,
1977,,,,,,,,,,
1978,,,,,,,,,,
1979,,,,,,,,,,
1980,,,,,,,,,,
1981,,,,,,,,,,
1982,,,,,,,,,,
1983,,,,,,,,,,
1984,,,,,,,,,,
1985,,,,,,,,,,
1986,,,,,,,,,,
1987,,,,,,,,,,
1988,,,,,,,,,,
1989,,,,,,,,,,
1990,,,,,,,,,,
1991,,,,,,,,,,
1992,,,,,,,,,,
1993,,,,,,,,,,
1994,,,,,,,,,,
1995,,,,,,,,,,
1996,,,,,,,,,,
1997,,,,,,,,,,
1998,,,,,,,,,,
1999,,,,,,,,,,
2000,,,,,,,,,,
2001,,,,,,,,,,
2002,,,,,,,,,,
2003,,,,,,,,,,
2004,,,,,,,,,,
2005,,,,,,,,,,
2006,,,,,,,,,,
2007,,,,,,,,,,
2008,,,,,,,,,,
2009,,,,,,,,,,
2010,,,,,,,,,,
2011,,,,,,,,,,
2012,,,,,,,,,,
2013,,,,,,,,,,
2014,,,,,,,,,,
2015,,,,,,,,,,
2016,,,,,,,,,,
2017,,,,,,,,,,
2018,,,,,,,,,,
2019,,,,,,,,,,
2020,,,,,,,,,,
2021,,,,,,,,,,
2022,,,,,,,,,,
2023,,,,,,,,,,
